0
0.00227
0.020372
0.056725
0.104889
0.158851
0.214519
0.269389
0.322028
0.371685
0.418029
0.460982
0.500616
0.537085
0.570586
0.601334
0.629547
0.655437
0.679204
0.701036
0.721105
0.73957
0.756574
0.772249
0.786713
0.800074
0.812429
0.823864
0.834461
0.844289
0.853415
0.861897
0.869788
0.877136
0.883986
0.890376
0.896343
0.90192
0.907137
0.912022
0.916599
0.92089
0.924918
0.928701
0.932256
0.935601
0.938748
0.941713
0.944508
0.947143
0.949631
0.95198
0.954199
0.956298
0.958284
0.960163
0.961943
0.963631
0.96523
0.966748
0.968188
0.969556
0.970856
0.972091
0.973266
0.974384
0.975448
0.976461
0.977427
0.978347
0.979224
0.980061
0.98086
0.981623
0.982351
0.983047
0.983712
0.984348
0.984956
0.985538
0.986096
0.986629
0.98714
0.987629
0.988099
0.988548
0.98898
0.989394
0.989791
0.990172
0.990538
0.99089
0.991227
0.991552
0.991864
0.992164
0.992453
0.99273
0.992998
0.993255
0.993502
0.993741
0.993971
0.994192
0.994405
0.994611
0.994809
0.995
0.995185
0.995363
0.995534
0.9957
0.99586
0.996015
0.996164
0.996308
0.996447
0.996582
0.996712
0.996838
0.996959
0.997077
0.997191
0.997301
0.997408
0.997511
0.997611
0.997707
0.997801
0.997892
0.99798
0.998065
0.998147
0.998227
0.998305
0.99838
0.998453
0.998523
0.998592
0.998658
0.998723
0.998786
0.998846
0.998905
0.998963
0.999018
0.999072
0.999125
0.999175
0.999225
0.999273
0.99932
0.999365
0.999409
0.999452
0.999494
0.999535
0.999574
0.999612
0.99965
0.999686
0.999721
0.999756
0.999789
0.999822
0.999854
0.999884
0.999914
0.999944
0.999972
1
